(2,0) 224
(1,2) 235
(32,0) 718
(36,1) 744
(43,1) 486
(47,1) 485
(55,2) 251
(56,0) 378
(69,2) 262
(81,1) 666
(103,0) 284
(107,1) 925
(111,2) 752
(114,0) 310
(120,2) 774
(123,0) 313
(130,2) 515
(63,1) 741
(63,3) 637
(76,1) 359
(77,3) 793
(87,1) 439
(87,3) 299
(9,3) 705
(16,3) 746
(25,2) 440
(30,3) 942
(34,3) 591
(46,4) 901
(94,4) 814
(124,4) 80
(38,3) 347
(37,5) 222
(42,3) 470
(51,3) 257
(53,5) 875
(82,5) 964
(100,3) 813
(100,5) 998
(107,3) 509
(108,5) 310
(129,4) 17
(132,5) 735
(135,3) 688
(136,5) 586
(1,6) 650
(5,4) 82
(6,6) 23
(11,5) 679
(15,5) 661
(14,7) 598
(57,6) 760
(61,5) 213
(67,5) 161
(71,7) 957
(115,5) 258
(119,5) 85
(20,8) 357
(36,7) 702
(40,8) 242
(87,8) 959
(93,8) 184
(96,6) 202
(16,9) 77
(24,9) 978
(29,7) 536
(49,7) 705
(48,9) 699
(61,9) 790
(62,7) 793
(67,8) 956
(100,7) 935
(100,9) 486
(112,9) 914
(114,7) 965
(119,8) 401
(123,8) 527
(1,9) 63
(73,9) 911
(77,8) 118
(129,10) 710
(7,9) 955
(27,11) 144
(28,9) 846
(35,9) 849
(34,11) 226
(52,11) 560
(56,10) 127
(83,9) 87
(85,11) 586
(122,10) 209
(11,12) 871
(19,10) 842
(79,10) 844
(81,12) 906
(101,12) 350
(116,10) 235
(133,10) 735
(135,12) 361
(17,12) 918
(41,11) 298
(65,12) 329
(69,13) 664
(72,11) 431
(95,11) 723
(96,13) 507
(106,11) 482
(53,14) 28
(113,13) 256
(123,14) 553
(125,12) 365
(22,13) 536
(21,15) 501
(56,13) 793
(62,15) 890
(74,15) 701
(77,13) 739
(102,15) 447
(105,13) 289
(120,13) 73
(1,14) 356
(1,16) 891
(6,14) 834
(8,16) 346
(30,16) 421
(33,14) 96
(36,14) 939
(44,16) 666
(70,16) 433
(111,15) 97
(117,16) 316
(136,14) 526
(26,15) 746
(26,17) 984
(40,17) 462
(53,16) 198
(57,16) 791
(82,17) 711
(89,17) 963
(91,15) 807
(128,15) 58
(128,17) 85
(134,17) 224
(14,16) 699
(66,16) 340
(95,18) 67
(23,17) 81
(59,18) 188
(72,18) 326
(76,17) 116
(112,17) 380
(116,18) 582
(9,18) 370
(9,20) 961
(18,18) 923
(28,19) 530
(105,20) 992
(125,20) 781
(133,19) 441
(136,19) 161
(1,20) 637
(5,21) 324
(37,20) 21
(40,19) 489
(51,19) 59
(54,20) 216
(83,21) 233
(88,20) 432
(94,20) 309
(121,19) 100
(23,20) 118
(27,21) 166
(44,22) 372
(65,21) 385
(69,22) 294
(99,20) 64
(99,22) 38
(115,20) 81
(115,22) 56
(129,20) 644
(133,21) 517
(1,22) 88
(4,23) 235
(13,22) 390
(17,21) 126
(52,22) 254
(76,22) 589
(86,23) 398
(90,22) 803
(102,23) 608
(118,21) 436
(8,24) 915
(19,23) 196
(30,24) 485
(33,22) 355
(38,22) 335
(108,24) 490
(25,23) 948
(54,24) 936
(58,23) 359
(127,23) 145
(127,25) 313
(132,23) 346
(34,24) 945
(61,26) 316
(65,25) 345
(74,24) 114
(73,26) 362
(80,25) 862
(12,25) 61
(18,27) 281
(38,27) 283
(39,25) 343
(113,26) 307
(117,26) 791
(24,28) 23
(34,28) 895
(69,26) 529
(71,28) 554
(80,27) 911
(84,27) 90
(89,26) 49
(100,27) 39
(7,28) 797
(11,29) 211
(15,29) 474
(27,27) 222
(94,27) 914
(93,29) 192
(106,27) 509
(50,28) 67
(59,28) 164
(58,30) 650
(63,28) 896
(67,29) 201
(89,30) 128
(113,30) 925
(123,28) 460
(124,30) 105
(134,28) 181
(32,31) 698
(80,29) 911
(84,29) 717
(96,31) 313
(97,29) 75
(101,29) 679
(102,31) 670
(3,32) 838
(4,30) 355
(12,31) 409
(24,31) 897
(50,32) 325
(54,30) 678
(57,32) 233
(63,32) 224
(118,30) 230
(118,32) 793
(122,32) 108
(133,32) 501
(136,31) 308
(39,31) 427
(8,32) 335
(9,34) 318
(28,32) 367
(69,32) 950
(68,34) 524
(86,32) 199
(103,33) 395
(14,33) 102
(15,35) 403
(19,33) 924
(23,33) 349
(29,35) 958
(32,33) 595
(128,33) 753
(132,34) 214
(36,34) 676
(39,36) 218
(46,34) 154
(47,36) 203
(82,34) 908
(94,34) 694
(98,34) 211
(136,34) 424
(136,36) 227
(4,35) 458
(6,37) 592
(55,36) 196
(63,35) 688
(69,37) 474
(72,35) 957
(78,35) 488
(81,37) 409
(119,37) 230
(127,36) 927
(131,36) 741
(12,37) 60
(15,38) 162
(19,38) 169
(21,36) 591
(27,37) 885
(103,36) 765
(112,36) 971
(112,38) 225
(85,38) 32
(89,39) 717
(90,37) 226
(93,39) 54
(94,37) 174
(136,39) 69
(35,39) 823
(39,38) 510
(44,38) 962
(45,40) 308
(73,40) 926
(80,39) 267
(123,40) 415
(27,39) 201
(51,39) 914
(55,39) 724
(59,41) 827
(66,41) 265
(67,39) 89
(109,39) 60
(132,41) 734
(11,40) 601
(13,42) 424
(18,40) 306
(18,42) 434
(22,40) 287
(40,40) 65
(63,42) 24
(95,42) 973
(100,42) 741
(107,42) 728
(112,42) 357
(119,40) 278
(32,43) 881
(35,41) 241
(43,42) 380
(47,42) 731
(82,41) 662
(82,43) 587
(86,41) 678
(26,42) 701
(27,44) 918
(117,43) 271
(121,44) 486
(134,44) 295
(48,45) 302
(51,43) 238
(59,43) 740
(71,43) 947
(71,45) 740
(88,43) 22
(88,45) 380
(104,44) 268
(129,43) 603
(19,44) 266
(20,46) 387
(63,44) 519
(67,44) 617
(76,44) 826
(1,47) 180
(3,45) 939
(15,45) 363
(35,45) 378
(38,47) 91
(55,45) 586
(57,47) 811
(64,47) 370
(99,45) 931
(129,45) 12
(41,46) 588
(44,48) 243
(79,46) 315
(102,48) 250
(105,46) 712
(122,46) 956
(124,48) 998
(5,47) 454
(5,49) 245
(12,49) 165
(17,48) 464
(27,47) 104
(32,47) 661
(32,49) 771
(73,47) 471
(84,47) 419
(84,49) 261
(52,48) 578
(60,50) 379
(110,48) 784
(110,50) 940
(117,48) 750
(119,50) 638
(44,50) 932
(48,51) 344
(64,49) 691
(70,49) 768
(75,51) 991
(77,49) 654
(131,51) 266
(133,49) 566
(0,50) 441
(15,52) 727
(21,50) 91
(28,50) 194
(38,50) 643
(39,52) 698
(95,50) 86
(96,52) 308
(113,52) 325
(115,50) 263
(6,53) 397
(23,52) 191
(30,53) 649
(34,53) 900
(46,53) 62
(84,53) 339
(88,51) 544
(91,53) 619
(104,53) 404
(125,51) 767
(10,52) 708
(49,54) 742
(66,52) 990
(76,54) 196
(127,54) 203
(131,54) 224
(135,52) 44
(3,53) 18
(19,53) 93
(61,53) 322
(61,55) 769
(110,54) 96
(42,56) 714
(46,56) 5
(72,56) 884
(90,56) 114
(95,54) 874
(99,54) 205
(100,56) 674
(104,56) 144
(109,56) 83
(8,57) 29
(9,55) 704
(15,55) 727
(14,57) 179
(32,57) 104
(54,55) 135
(53,57) 531
(64,57) 455
(118,55) 757
(122,56) 302
(134,57) 640
(18,58) 296
(20,56) 424
(85,57) 473
(85,59) 709
(94,57) 300
(117,57) 254
(120,59) 837
(34,59) 365
(55,59) 744
(77,60) 304
(89,60) 923
(93,60) 446
(103,60) 385
(107,60) 699
(108,58) 548
(115,60) 749
(125,58) 103
(129,59) 9
(132,60) 193
(136,60) 206
(4,59) 381
(4,61) 922
(19,60) 179
(40,59) 713
(81,61) 758
(8,60) 90
(15,60) 347
(16,62) 817
(25,61) 197
(47,62) 807
(50,60) 359
(73,62) 124
(120,61) 650
(124,61) 54
(127,61) 736
(20,63) 239
(57,61) 128
(65,63) 806
(68,61) 273
(98,61) 439
(29,64) 280
(32,62) 152
(42,62) 949
(43,64) 11
(61,62) 224
(79,64) 761
(88,62) 889
(89,64) 66
(115,63) 8
(122,63) 584
(131,64) 14
(134,62) 625
(11,63) 667
(12,65) 742
(51,63) 387
(55,64) 726
(83,65) 425
(93,63) 788
(100,63) 632
(60,65) 828
(64,65) 750
(70,64) 181
(118,64) 64
(118,66) 971
(20,65) 725
(22,67) 830
(33,65) 708
(50,65) 332
(54,67) 491
(94,67) 889
(109,65) 944
(110,67) 333
(133,67) 311
(1,66) 719
(7,66) 110
(11,67) 629
(26,68) 252
(27,66) 348
(44,66) 121
(98,68) 208
(102,66) 961
(3,69) 914
(30,69) 952
(49,67) 241
(49,69) 822
(60,67) 930
(64,68) 270
(106,67) 710
(107,69) 112
(127,67) 163
(36,69) 645
(90,68) 165
(103,70) 854
(136,68) 694
(136,70) 101
(13,70) 7
(15,69) 267
(45,69) 414
(62,71) 987
(82,71) 437
(84,69) 69
(116,69) 267
(131,70) 993
(15,72) 783
(41,70) 806
(41,72) 675
(51,72) 60
(53,70) 931
(67,70) 355
(67,72) 981
(89,70) 928
(89,72) 730
(120,72) 120
(124,72) 790
(4,71) 897
(8,72) 595
(37,71) 381
(57,71) 748
(76,73) 12
(94,73) 665
(97,71) 954
(26,72) 49
(29,73) 212
(33,72) 110
(33,74) 773
(45,74) 581
(47,72) 8
(72,74) 579
(81,73) 912
(85,73) 383
(110,72) 336
(6,74) 790
(11,75) 496
(12,73) 90
(20,74) 896
(50,74) 514
(54,73) 985
(102,73) 754
(109,75) 790
(132,73) 950
(135,75) 912
(0,76) 692
(40,74) 777
(43,76) 693
(56,76) 620
(58,74) 910
(79,76) 385
(21,77) 984
(126,75) 334
(125,77) 978
(6,78) 971
(12,78) 477
(15,76) 609
(30,76) 694
(49,76) 213
(64,78) 766
(65,76) 695
(101,76) 785
(102,78) 798
(111,78) 792
(130,76) 163
(134,78) 837
(37,78) 196
(41,78) 313
(82,78) 126
(86,78) 480
(116,78) 359
(120,78) 193
(28,78) 465
(54,78) 447
(68,79) 752
(92,79) 447
(96,79) 565
(122,80) 505
(126,79) 53
(1,80) 384
(16,79) 157
(49,79) 773
(62,80) 792
(25,80) 449
(45,80) 749
(47,82) 491
(56,81) 721
(60,82) 336
(79,80) 138
(84,80) 527
(86,82) 73
(108,82) 238
(110,80) 339
(118,80) 299
(4,83) 689
(6,81) 691
(12,82) 260
(17,81) 700
(20,83) 831
(90,81) 942
(122,82) 163
(127,81) 713
(130,83) 199
(135,83) 111
(52,82) 452
(95,82) 960
(24,85) 476
(33,83) 709
(42,85) 619
(82,85) 691
(47,86) 268
(49,84) 498
(55,85) 280
(74,84) 557
(78,85) 31
(93,84) 972
(93,86) 408
(100,86) 740
(107,86) 576
(108,84) 450
(13,85) 653
(11,87) 734
(20,87) 317
(28,87) 332
(30,85) 398
(40,87) 743
(60,85) 923
(113,85) 67
(114,87) 914
(121,85) 782
(120,87) 420
(132,87) 528
(2,88) 284
(6,88) 825
(65,88) 324
(70,86) 428
(125,87) 647
(23,89) 480
(24,87) 114
(47,88) 721
(53,88) 929
(72,89) 496
(74,87) 908
(86,89) 53
(88,87) 381
(94,88) 815
(98,88) 466
(39,90) 941
(60,89) 942
(68,90) 930
(78,88) 167
(80,90) 364
(82,88) 561
(111,89) 938
(115,90) 59
(13,91) 963
(14,89) 389
(19,89) 304
(33,89) 851
(35,91) 949
(43,89) 585
(49,91) 828
(53,91) 784
(125,89) 518
(132,91) 310
(8,90) 368
(74,92) 589
(78,92) 833
(90,90) 522
(92,92) 940
(110,92) 993
(136,90) 652
(136,92) 398
(24,93) 624
(37,93) 838
(46,93) 664
(62,91) 860
(84,91) 420
(83,93) 833
(97,93) 672
(115,92) 88
(5,92) 476
(4,94) 350
(43,92) 94
(88,92) 426
(106,92) 959
(31,93) 917
(35,95) 220
(119,93) 19
(135,94) 463
(23,96) 422
(50,94) 333
(62,96) 281
(66,95) 849
(70,94) 707
(86,96) 447
(91,96) 37
(114,94) 336
(117,96) 814
(125,94) 746
(129,94) 263
(1,96) 78
(13,97) 788
(43,95) 663
(46,97) 369
(74,95) 631
(75,97) 92
(82,95) 712
(97,95) 308
(101,95) 580
(6,98) 279
(30,96) 444
(57,98) 944
(18,99) 889
(19,97) 810
(25,98) 128
(42,99) 969
(51,97) 985
(91,98) 984
(95,98) 5
(98,99) 272
(109,97) 684
(127,97) 74
(128,99) 374
(33,98) 464
(33,100) 13
(68,98) 978
(83,100) 789
(86,98) 163
(118,98) 165
(122,100) 152
(8,101) 508
(25,100) 948
(29,101) 3
(77,99) 5
(77,101) 434
(94,100) 91
(97,101) 794
(108,101) 932
(112,100) 66
(15,102) 241
(47,100) 796
(63,100) 632
(67,101) 774
(89,102) 772
(1,103) 501
(40,103) 599
(41,101) 544
(59,101) 703
(57,103) 256
(126,103) 998
(130,102) 366
(23,102) 74
(23,104) 312
(33,104) 767
(36,102) 974
(45,102) 954
(65,103) 468
(84,102) 375
(85,104) 838
(103,102) 218
(103,104) 130
(115,102) 414
(115,104) 583
(6,103) 566
(28,105) 936
(47,105) 421
(75,103) 101
(74,105) 893
(81,104) 95
(89,104) 162
(98,103) 156
(58,105) 139
(97,106) 616
(101,106) 698
(120,104) 544
(130,104) 176
(10,106) 724
(37,105) 826
(106,106) 36
(122,106) 357
(1,106) 284
(23,108) 362
(52,106) 85
(64,106) 438
(68,107) 596
(80,106) 51
(86,107) 844
(113,106) 262
(130,108) 56
(58,107) 193
(75,109) 74
(91,109) 875
(92,107) 387
(116,109) 132
(7,108) 84
(10,109) 432
(61,110) 55
(62,108) 98
(85,109) 196
(96,108) 14
(98,110) 289
(102,108) 394
(102,110) 427
(14,110) 723
(18,109) 512
(37,109) 704
(37,111) 94
(126,109) 229
(130,111) 902
(10,111) 795
(27,110) 568
(26,112) 719
(41,110) 108
(43,112) 845
(64,110) 172
(70,110) 217
(81,112) 524
(85,111) 86
(90,112) 195
(94,112) 704
(109,111) 838
(31,111) 336
(32,113) 883
(48,111) 988
(61,113) 451
(1,112) 922
(0,114) 751
(15,112) 288
(37,114) 116
(52,112) 558
(56,113) 503
(72,114) 877
(117,114) 244
(121,113) 169
(7,115) 118
(8,113) 842
(16,115) 208
(21,113) 166
(76,113) 600
(76,115) 826
(107,113) 900
(107,115) 152
(112,113) 280
(127,113) 586
(84,114) 418
(90,114) 194
(101,114) 644
(121,115) 893
(125,115) 608
(136,114) 354
(34,117) 607
(51,117) 964
(54,115) 788
(64,116) 977
(85,117) 340
(91,117) 697
(96,115) 207
(113,116) 385
(2,116) 948
(2,118) 675
(28,116) 203
(28,118) 604
(38,116) 206
(68,116) 916
(77,118) 212
(80,116) 49
(124,118) 706
(10,117) 266
(10,119) 749
(42,117) 990
(41,119) 739
(92,119) 684
(96,118) 157
(102,117) 62
(118,117) 526
(119,119) 785
(130,118) 716
(21,118) 612
(22,120) 680
(59,118) 492
(63,118) 884
(67,120) 476
(107,118) 679
(108,120) 532
(135,118) 518
(2,120) 343
(6,119) 103
(15,119) 989
(43,121) 451
(47,120) 423
(71,121) 562
(100,119) 35
(113,121) 420
(124,120) 864
(134,121) 321
(58,122) 845
(79,120) 420
(96,120) 241
(95,122) 968
(18,121) 826
(20,123) 963
(29,121) 403
(34,121) 311
(40,121) 60
(45,123) 38
(48,122) 240
(62,123) 901
(104,122) 177
(108,123) 37
(3,122) 241
(7,123) 82
(26,123) 211
(81,124) 801
(100,122) 389
(127,122) 640
(129,124) 859
(1,125) 136
(5,125) 818
(33,124) 215
(76,124) 970
(85,123) 253
(89,125) 984
(119,123) 218
(120,125) 639
(123,123) 501
(133,125) 670
(134,123) 320
(25,125) 91
(28,125) 72
(35,126) 438
(39,124) 264
(48,124) 298
(60,125) 775
(64,125) 728
(93,124) 569
(107,126) 162
(111,124) 3
(10,127) 290
(11,125) 212
(16,126) 959
(51,127) 557
(52,125) 750
(68,125) 29
(127,126) 446
(43,126) 524
(44,128) 978
(55,128) 445
(56,126) 943
(85,126) 755
(86,128) 662
(105,128) 354
(122,128) 682
(26,127) 751
(60,127) 483
(94,129) 88
(100,129) 142
(101,127) 189
(115,129) 927
(6,129) 57
(18,130) 402
(20,128) 9
(22,128) 786
(70,128) 350
(81,128) 860
(85,130) 219
(110,130) 205
(1,129) 117
(3,131) 981
(13,129) 441
(14,131) 367
(53,130) 926
(58,131) 119
(76,130) 633
(89,130) 84
(31,131) 332
(41,130) 874
(49,130) 734
(48,132) 666
(65,131) 375
(96,132) 887
(104,130) 662
(136,131) 511
(25,131) 338
(70,131) 334
(80,131) 146
(87,132) 744
(106,132) 848
(110,133) 904
(8,132) 165
(9,134) 93
(27,134) 396
(31,134) 281
(59,133) 817
(75,132) 614
(92,132) 617
(92,134) 179
(99,134) 107
(12,135) 445
(13,133) 203
(17,133) 593
(23,133) 158
(39,135) 382
(41,133) 152
(51,135) 672
(67,133) 866
(70,135) 859
(87,134) 70
(121,133) 701
(125,133) 165
(126,135) 717
(5,134) 977
(45,134) 953
(46,136) 808
(76,136) 988
(79,134) 116
(84,134) 97
(104,134) 338
(113,136) 448
(132,134) 622
(130,136) 769
(92,136) 604
(117,135) 571
(117,137) 394
(9,137) 569
(13,138) 498
(18,136) 240
(18,138) 969
(26,137) 975
(30,138) 360
(33,136) 175
(34,138) 666
(63,136) 225
(66,138) 919
(121,136) 651
(3,139) 407
(40,137) 968
(84,139) 933
(90,139) 101
(97,139) 58
