(2,0) 224
(32,0) 718
(56,0) 378
(103,0) 284
(114,0) 310
(123,0) 313
(36,1) 744
(43,1) 486
(47,1) 485
(63,1) 741
(76,1) 359
(81,1) 666
(87,1) 439
(107,1) 925
(1,2) 235
(25,2) 440
(55,2) 251
(69,2) 262
(111,2) 752
(120,2) 774
(130,2) 515
(9,3) 705
(16,3) 746
(30,3) 942
(34,3) 591
(38,3) 347
(42,3) 470
(51,3) 257
(63,3) 637
(77,3) 793
(87,3) 299
(100,3) 813
(107,3) 509
(135,3) 688
(5,4) 82
(46,4) 901
(94,4) 814
(124,4) 80
(129,4) 17
(11,5) 679
(15,5) 661
(37,5) 222
(53,5) 875
(61,5) 213
(67,5) 161
(82,5) 964
(100,5) 998
(108,5) 310
(115,5) 258
(119,5) 85
(132,5) 735
(136,5) 586
(1,6) 650
(6,6) 23
(57,6) 760
(96,6) 202
(14,7) 598
(29,7) 536
(36,7) 702
(49,7) 705
(62,7) 793
(71,7) 957
(100,7) 935
(114,7) 965
(20,8) 357
(40,8) 242
(67,8) 956
(77,8) 118
(87,8) 959
(93,8) 184
(119,8) 401
(123,8) 527
(1,9) 63
(7,9) 955
(16,9) 77
(24,9) 978
(28,9) 846
(35,9) 849
(48,9) 699
(61,9) 790
(73,9) 911
(83,9) 87
(100,9) 486
(112,9) 914
(19,10) 842
(56,10) 127
(79,10) 844
(116,10) 235
(122,10) 209
(129,10) 710
(133,10) 735
(27,11) 144
(34,11) 226
(41,11) 298
(52,11) 560
(72,11) 431
(85,11) 586
(95,11) 723
(106,11) 482
(11,12) 871
(17,12) 918
(65,12) 329
(81,12) 906
(101,12) 350
(125,12) 365
(135,12) 361
(22,13) 536
(56,13) 793
(69,13) 664
(77,13) 739
(96,13) 507
(105,13) 289
(113,13) 256
(120,13) 73
(1,14) 356
(6,14) 834
(33,14) 96
(36,14) 939
(53,14) 28
(123,14) 553
(136,14) 526
(21,15) 501
(26,15) 746
(62,15) 890
(74,15) 701
(91,15) 807
(102,15) 447
(111,15) 97
(128,15) 58
(1,16) 891
(8,16) 346
(14,16) 699
(30,16) 421
(44,16) 666
(53,16) 198
(57,16) 791
(66,16) 340
(70,16) 433
(117,16) 316
(23,17) 81
(26,17) 984
(40,17) 462
(76,17) 116
(82,17) 711
(89,17) 963
(112,17) 380
(128,17) 85
(134,17) 224
(9,18) 370
(18,18) 923
(59,18) 188
(72,18) 326
(95,18) 67
(116,18) 582
(28,19) 530
(40,19) 489
(51,19) 59
(121,19) 100
(133,19) 441
(137,19) 161
(1,20) 637
(9,20) 961
(23,20) 118
(37,20) 21
(54,20) 216
(88,20) 432
(94,20) 309
(99,20) 64
(105,20) 992
(115,20) 81
(125,20) 781
(129,20) 644
(5,21) 324
(17,21) 126
(27,21) 166
(65,21) 385
(83,21) 233
(118,21) 436
(133,21) 517
(1,22) 88
(13,22) 390
(33,22) 355
(38,22) 335
(44,22) 372
(52,22) 254
(69,22) 294
(76,22) 589
(90,22) 803
(99,22) 38
(115,22) 56
(4,23) 235
(19,23) 196
(25,23) 948
(58,23) 359
(86,23) 398
(102,23) 608
(127,23) 145
(132,23) 346
(8,24) 915
(30,24) 485
(34,24) 945
(54,24) 936
(74,24) 114
(108,24) 490
(12,25) 61
(39,25) 343
(65,25) 345
(80,25) 862
(127,25) 313
(61,26) 316
(69,26) 529
(73,26) 362
(89,26) 49
(113,26) 307
(117,26) 791
(18,27) 281
(27,27) 222
(38,27) 283
(80,27) 911
(84,27) 90
(94,27) 914
(100,27) 39
(106,27) 509
(7,28) 797
(24,28) 23
(34,28) 895
(50,28) 67
(59,28) 164
(63,28) 896
(71,28) 554
(123,28) 460
(134,28) 181
(11,29) 211
(15,29) 474
(67,29) 201
(80,29) 911
(84,29) 717
(93,29) 192
(97,29) 75
(101,29) 679
(4,30) 355
(54,30) 678
(58,30) 650
(89,30) 128
(113,30) 925
(118,30) 230
(124,30) 105
(12,31) 409
(24,31) 897
(32,31) 698
(39,31) 427
(96,31) 313
(102,31) 670
(137,31) 308
(3,32) 838
(8,32) 335
(28,32) 367
(50,32) 325
(57,32) 233
(63,32) 224
(69,32) 950
(86,32) 199
(118,32) 793
(122,32) 108
(133,32) 501
(14,33) 102
(19,33) 924
(23,33) 349
(32,33) 595
(103,33) 395
(128,33) 753
(9,34) 318
(36,34) 676
(46,34) 154
(68,34) 524
(82,34) 908
(94,34) 694
(98,34) 211
(132,34) 214
(137,34) 424
(4,35) 458
(15,35) 403
(29,35) 958
(63,35) 688
(72,35) 957
(78,35) 488
(21,36) 591
(39,36) 218
(47,36) 203
(55,36) 196
(103,36) 765
(112,36) 971
(127,36) 927
(131,36) 741
(136,36) 227
(6,37) 592
(12,37) 60
(27,37) 885
(69,37) 474
(81,37) 409
(90,37) 226
(94,37) 174
(119,37) 230
(15,38) 162
(19,38) 169
(39,38) 510
(44,38) 962
(85,38) 32
(112,38) 225
(27,39) 201
(35,39) 823
(51,39) 914
(55,39) 724
(67,39) 89
(80,39) 267
(89,39) 717
(93,39) 54
(109,39) 60
(136,39) 69
(11,40) 601
(18,40) 306
(22,40) 287
(40,40) 65
(45,40) 308
(73,40) 926
(119,40) 278
(123,40) 415
(35,41) 241
(59,41) 827
(66,41) 265
(82,41) 662
(86,41) 678
(132,41) 734
(13,42) 424
(18,42) 434
(26,42) 701
(43,42) 380
(47,42) 731
(63,42) 24
(95,42) 973
(100,42) 741
(107,42) 728
(112,42) 357
(32,43) 881
(51,43) 238
(59,43) 740
(71,43) 947
(82,43) 587
(88,43) 22
(117,43) 271
(129,43) 603
(19,44) 266
(27,44) 918
(63,44) 519
(67,44) 617
(76,44) 826
(104,44) 268
(121,44) 486
(134,44) 295
(3,45) 939
(15,45) 363
(35,45) 378
(48,45) 302
(55,45) 586
(71,45) 740
(88,45) 380
(99,45) 931
(129,45) 12
(20,46) 387
(41,46) 588
(79,46) 315
(105,46) 712
(122,46) 956
(1,47) 180
(5,47) 454
(27,47) 104
(32,47) 661
(38,47) 91
(57,47) 811
(64,47) 370
(73,47) 471
(84,47) 419
(17,48) 464
(44,48) 243
(52,48) 578
(102,48) 250
(110,48) 784
(117,48) 750
(124,48) 998
(5,49) 245
(12,49) 165
(32,49) 771
(64,49) 691
(70,49) 768
(77,49) 654
(84,49) 261
(133,49) 566
(0,50) 441
(21,50) 91
(28,50) 194
(38,50) 643
(44,50) 932
(60,50) 379
(95,50) 86
(110,50) 940
(115,50) 263
(119,50) 638
(48,51) 344
(75,51) 991
(88,51) 544
(125,51) 767
(131,51) 266
(10,52) 708
(15,52) 727
(23,52) 191
(39,52) 698
(66,52) 990
(96,52) 308
(113,52) 325
(135,52) 44
(3,53) 18
(6,53) 397
(19,53) 93
(30,53) 649
(34,53) 900
(46,53) 62
(61,53) 322
(84,53) 339
(91,53) 619
(104,53) 404
(49,54) 742
(76,54) 196
(95,54) 874
(99,54) 205
(110,54) 96
(127,54) 203
(131,54) 224
(9,55) 704
(15,55) 727
(54,55) 135
(61,55) 769
(118,55) 757
(20,56) 424
(42,56) 714
(46,56) 5
(72,56) 884
(90,56) 114
(100,56) 674
(104,56) 144
(109,56) 83
(122,56) 302
(8,57) 29
(14,57) 179
(32,57) 104
(53,57) 531
(64,57) 455
(85,57) 473
(94,57) 300
(117,57) 254
(134,57) 640
(18,58) 296
(108,58) 548
(125,58) 103
(4,59) 381
(34,59) 365
(40,59) 713
(55,59) 744
(85,59) 709
(120,59) 837
(129,59) 9
(8,60) 90
(15,60) 347
(19,60) 179
(50,60) 359
(77,60) 304
(89,60) 923
(93,60) 446
(103,60) 385
(107,60) 699
(115,60) 749
(132,60) 193
(136,60) 206
(4,61) 922
(25,61) 197
(57,61) 128
(68,61) 273
(81,61) 758
(98,61) 439
(120,61) 650
(124,61) 54
(127,61) 736
(16,62) 817
(32,62) 152
(42,62) 949
(47,62) 807
(61,62) 224
(73,62) 124
(88,62) 889
(134,62) 625
(11,63) 667
(20,63) 239
(51,63) 387
(65,63) 806
(93,63) 788
(100,63) 632
(115,63) 8
(122,63) 584
(29,64) 280
(43,64) 11
(55,64) 726
(70,64) 181
(79,64) 761
(89,64) 66
(118,64) 64
(131,64) 14
(12,65) 742
(20,65) 725
(33,65) 708
(50,65) 332
(60,65) 828
(64,65) 750
(83,65) 425
(109,65) 944
(1,66) 719
(7,66) 110
(27,66) 348
(44,66) 121
(102,66) 961
(118,66) 971
(11,67) 629
(22,67) 830
(49,67) 241
(54,67) 491
(60,67) 930
(94,67) 889
(106,67) 710
(110,67) 333
(127,67) 163
(133,67) 311
(26,68) 252
(64,68) 270
(90,68) 165
(98,68) 208
(137,68) 694
(3,69) 914
(15,69) 267
(30,69) 952
(36,69) 645
(45,69) 414
(49,69) 822
(84,69) 69
(107,69) 112
(116,69) 267
(13,70) 7
(41,70) 806
(53,70) 931
(67,70) 355
(89,70) 928
(103,70) 854
(131,70) 993
(137,70) 101
(4,71) 897
(37,71) 381
(57,71) 748
(62,71) 987
(82,71) 437
(97,71) 954
(8,72) 595
(15,72) 783
(26,72) 49
(33,72) 110
(41,72) 675
(47,72) 8
(51,72) 60
(67,72) 981
(89,72) 730
(110,72) 336
(120,72) 120
(124,72) 790
(12,73) 90
(29,73) 212
(54,73) 985
(76,73) 12
(81,73) 912
(85,73) 383
(94,73) 665
(102,73) 754
(132,73) 950
(6,74) 790
(20,74) 896
(33,74) 773
(40,74) 777
(45,74) 581
(50,74) 514
(58,74) 910
(72,74) 579
(11,75) 496
(109,75) 790
(126,75) 334
(135,75) 912
(0,76) 692
(15,76) 609
(30,76) 694
(43,76) 693
(49,76) 213
(56,76) 620
(65,76) 695
(79,76) 385
(101,76) 785
(130,76) 163
(21,77) 984
(125,77) 978
(6,78) 971
(12,78) 477
(28,78) 465
(37,78) 196
(41,78) 313
(54,78) 447
(64,78) 766
(82,78) 126
(86,78) 480
(102,78) 798
(111,78) 792
(116,78) 359
(120,78) 193
(134,78) 837
(16,79) 157
(49,79) 773
(68,79) 752
(92,79) 447
(96,79) 565
(126,79) 53
(1,80) 384
(25,80) 449
(45,80) 749
(62,80) 792
(79,80) 138
(84,80) 527
(110,80) 339
(118,80) 299
(122,80) 505
(6,81) 691
(17,81) 700
(56,81) 721
(90,81) 942
(127,81) 713
(12,82) 260
(47,82) 491
(52,82) 452
(60,82) 336
(86,82) 73
(95,82) 960
(108,82) 238
(122,82) 163
(4,83) 689
(20,83) 831
(33,83) 709
(130,83) 199
(135,83) 111
(49,84) 498
(74,84) 557
(93,84) 972
(108,84) 450
(13,85) 653
(24,85) 476
(30,85) 398
(42,85) 619
(55,85) 280
(60,85) 923
(78,85) 31
(82,85) 691
(113,85) 67
(121,85) 782
(47,86) 268
(70,86) 428
(93,86) 408
(100,86) 740
(107,86) 576
(11,87) 734
(20,87) 317
(24,87) 114
(28,87) 332
(40,87) 743
(74,87) 908
(88,87) 381
(114,87) 914
(120,87) 420
(125,87) 647
(132,87) 528
(2,88) 284
(6,88) 825
(47,88) 721
(53,88) 929
(65,88) 324
(78,88) 167
(82,88) 561
(94,88) 815
(98,88) 466
(14,89) 389
(19,89) 304
(23,89) 480
(33,89) 851
(43,89) 585
(60,89) 942
(72,89) 496
(86,89) 53
(111,89) 938
(125,89) 518
(8,90) 368
(39,90) 941
(68,90) 930
(80,90) 364
(90,90) 522
(115,90) 59
(136,90) 652
(13,91) 963
(35,91) 949
(49,91) 828
(53,91) 784
(62,91) 860
(84,91) 420
(132,91) 310
(5,92) 476
(43,92) 94
(74,92) 589
(78,92) 833
(88,92) 426
(92,92) 940
(106,92) 959
(110,92) 993
(115,92) 88
(137,92) 398
(24,93) 624
(31,93) 917
(37,93) 838
(46,93) 664
(83,93) 833
(97,93) 672
(119,93) 19
(4,94) 350
(50,94) 333
(70,94) 707
(114,94) 336
(125,94) 746
(129,94) 263
(135,94) 463
(35,95) 220
(43,95) 663
(66,95) 849
(74,95) 631
(82,95) 712
(97,95) 308
(101,95) 580
(1,96) 78
(23,96) 422
(30,96) 444
(62,96) 281
(86,96) 447
(91,96) 37
(117,96) 814
(13,97) 788
(19,97) 810
(46,97) 369
(51,97) 985
(75,97) 92
(109,97) 684
(127,97) 74
(6,98) 279
(25,98) 128
(33,98) 464
(57,98) 944
(68,98) 978
(86,98) 163
(91,98) 984
(95,98) 5
(118,98) 165
(18,99) 889
(42,99) 969
(77,99) 5
(98,99) 272
(128,99) 374
(25,100) 948
(33,100) 13
(47,100) 796
(63,100) 632
(83,100) 789
(94,100) 91
(112,100) 66
(122,100) 152
(8,101) 508
(29,101) 3
(41,101) 544
(59,101) 703
(67,101) 774
(77,101) 434
(97,101) 794
(108,101) 932
(15,102) 241
(23,102) 74
(36,102) 974
(45,102) 954
(84,102) 375
(89,102) 772
(103,102) 218
(115,102) 414
(130,102) 366
(1,103) 501
(6,103) 566
(40,103) 599
(57,103) 256
(65,103) 468
(75,103) 101
(98,103) 156
(126,103) 998
(23,104) 312
(33,104) 767
(81,104) 95
(85,104) 838
(89,104) 162
(103,104) 130
(115,104) 583
(120,104) 544
(130,104) 176
(28,105) 936
(37,105) 826
(47,105) 421
(58,105) 139
(74,105) 893
(1,106) 284
(10,106) 724
(52,106) 85
(64,106) 438
(80,106) 51
(97,106) 616
(101,106) 698
(106,106) 36
(113,106) 262
(122,106) 357
(58,107) 193
(68,107) 596
(86,107) 844
(92,107) 387
(7,108) 84
(23,108) 362
(62,108) 98
(96,108) 14
(102,108) 394
(130,108) 56
(10,109) 432
(18,109) 512
(37,109) 704
(75,109) 74
(85,109) 196
(91,109) 875
(116,109) 132
(126,109) 229
(14,110) 723
(27,110) 568
(41,110) 108
(61,110) 55
(64,110) 172
(70,110) 217
(98,110) 289
(102,110) 427
(10,111) 795
(31,111) 336
(37,111) 94
(48,111) 988
(85,111) 86
(109,111) 838
(130,111) 902
(1,112) 922
(15,112) 288
(26,112) 719
(43,112) 845
(52,112) 558
(81,112) 524
(90,112) 195
(94,112) 704
(8,113) 842
(21,113) 166
(32,113) 883
(56,113) 503
(61,113) 451
(76,113) 600
(107,113) 900
(112,113) 280
(121,113) 169
(127,113) 586
(0,114) 751
(37,114) 116
(72,114) 877
(84,114) 418
(90,114) 194
(101,114) 644
(117,114) 244
(136,114) 354
(7,115) 118
(16,115) 208
(54,115) 788
(76,115) 826
(96,115) 207
(107,115) 152
(121,115) 893
(125,115) 608
(2,116) 948
(28,116) 203
(38,116) 206
(64,116) 977
(68,116) 916
(80,116) 49
(113,116) 385
(10,117) 266
(34,117) 607
(42,117) 990
(51,117) 964
(85,117) 340
(91,117) 697
(102,117) 62
(118,117) 526
(2,118) 675
(21,118) 612
(28,118) 604
(59,118) 492
(63,118) 884
(77,118) 212
(96,118) 157
(107,118) 679
(124,118) 706
(130,118) 716
(135,118) 518
(6,119) 103
(10,119) 749
(15,119) 989
(41,119) 739
(92,119) 684
(100,119) 35
(119,119) 785
(2,120) 343
(22,120) 680
(47,120) 423
(67,120) 476
(79,120) 420
(96,120) 241
(108,120) 532
(124,120) 864
(18,121) 826
(29,121) 403
(34,121) 311
(40,121) 60
(43,121) 451
(71,121) 562
(113,121) 420
(134,121) 321
(3,122) 241
(48,122) 240
(58,122) 845
(95,122) 968
(100,122) 389
(104,122) 177
(127,122) 640
(7,123) 82
(20,123) 963
(26,123) 211
(45,123) 38
(62,123) 901
(85,123) 253
(108,123) 37
(119,123) 218
(123,123) 501
(134,123) 320
(33,124) 215
(39,124) 264
(48,124) 298
(76,124) 970
(81,124) 801
(93,124) 569
(111,124) 3
(129,124) 859
(1,125) 136
(5,125) 818
(11,125) 212
(25,125) 91
(28,125) 72
(52,125) 750
(60,125) 775
(64,125) 728
(68,125) 29
(89,125) 984
(120,125) 639
(133,125) 670
(16,126) 959
(35,126) 438
(43,126) 524
(56,126) 943
(85,126) 755
(107,126) 162
(127,126) 446
(10,127) 290
(26,127) 751
(51,127) 557
(60,127) 483
(101,127) 189
(20,128) 9
(22,128) 786
(44,128) 978
(55,128) 445
(70,128) 350
(81,128) 860
(86,128) 662
(105,128) 354
(122,128) 682
(1,129) 117
(6,129) 57
(13,129) 441
(94,129) 88
(100,129) 142
(115,129) 927
(18,130) 402
(41,130) 874
(49,130) 734
(53,130) 926
(76,130) 633
(85,130) 219
(89,130) 84
(104,130) 662
(110,130) 205
(3,131) 981
(14,131) 367
(25,131) 338
(31,131) 332
(58,131) 119
(65,131) 375
(70,131) 334
(80,131) 146
(137,131) 511
(8,132) 165
(48,132) 666
(75,132) 614
(87,132) 744
(92,132) 617
(96,132) 887
(106,132) 848
(13,133) 203
(17,133) 593
(23,133) 158
(41,133) 152
(59,133) 817
(67,133) 866
(110,133) 904
(121,133) 701
(125,133) 165
(5,134) 977
(9,134) 93
(27,134) 396
(31,134) 281
(45,134) 953
(79,134) 116
(84,134) 97
(87,134) 70
(92,134) 179
(99,134) 107
(104,134) 338
(132,134) 622
(12,135) 445
(39,135) 382
(51,135) 672
(70,135) 859
(117,135) 571
(126,135) 717
(18,136) 240
(33,136) 175
(46,136) 808
(63,136) 225
(76,136) 988
(92,136) 604
(113,136) 448
(121,136) 651
(130,136) 769
(9,137) 569
(26,137) 975
(40,137) 968
(117,137) 394
(13,138) 498
(18,138) 969
(30,138) 360
(34,138) 666
(66,138) 919
(3,139) 407
(84,139) 933
(90,139) 101
(97,139) 58
